	A,			K,			Q,			J,			T,			9,			8,			7,			6,			5,			4,			3,			2
A,	100, 0,		100, 0,		100, 0,		100, 0,		100, 0,		100, 0,		100, 0,		100, 0,		100, 0,		100, 0,		100, 0,		100, 0,		0, 0
K,	100, 0,		100, 0,		100, 0,		100, 0,		100, 0,		100, 0,		87, 0,		55, 0,		19, 0,		0, 0,		0, 0,		0, 0,		0, 0
Q,	100, 0,		100, 0,		100, 0,		100, 0,		100, 0,		100, 0,		0, 0,		0, 0,		0, 0,		0, 0,		0, 0,		0, 0,		0, 0
J,	100, 0,		74, 0,		36, 0,		100, 0,		100, 0,		100, 0,		0, 0,		0, 0,		0, 0,		0, 0,		0, 0,		0, 0,		0, 0
T,	86, 0,		9, 0,		10, 0,		16, 0,		100, 0,		100, 0,		100, 0,		0, 0,		0, 0,		0, 0,		0, 0,		0, 0,		0, 0
9,	0, 0,		0, 0,		0, 0,		0, 0,		0, 0,		100, 0,		87, 0,		5, 0,		0, 0,		0, 0,		0, 0,		0, 0,		0, 0
8,	0, 0,		0, 0,		0, 0,		0, 0,		0, 0,		0, 0,		100, 0,		42, 0,		7, 0,		0, 0,		0, 0,		0, 0,		0, 0
7,	0, 0,		0, 0,		0, 0,		0, 0,		0, 0,		0, 0,		0, 0,		100, 0,		44, 0,		0, 0,		0, 0,		0, 0,		0, 0
6,	0, 0,		0, 0,		0, 0,		0, 0,		0, 0,		0, 0,		0, 0,		0, 0,		100, 0,		59, 0,		0, 0,		0, 0,		0, 0
5,	0, 0,		0, 0,		0, 0,		0, 0,		0, 0,		0, 0,		0, 0,		0, 0,		0, 0,		59, 0,		38, 0,		0, 0,		0, 0
4,	0, 0,		0, 0,		0, 0,		0, 0,		0, 0,		0, 0,		0, 0,		0, 0,		0, 0,		0, 0,		41, 0,		0, 0,		0, 0
3,	0, 0,		0, 0,		0, 0,		0, 0,		0, 0,		0, 0,		0, 0,		0, 0,		0, 0,		0, 0,		0, 0,		43, 0,		0, 0
2,	0, 0,		0, 0,		0, 0,		0, 0,		0, 0,		0, 0,		0, 0,		0, 0,		0, 0,		0, 0,		0, 0,		0, 0,		58, 0
