	A,			K,			Q,			J,			T,			9,			8,			7,			6,			5,			4,			3,			2
A,	100, 0,		100, 0,		100, 0,		100, 0,		100, 0,		100, 0,		100, 0,		100, 0,		100, 0,		100, 0,		100, 0,		100, 0,		0, 0
K,	100, 0,		100, 0,		100, 0,		100, 0,		100, 0,		100, 0,		79, 0,		58, 0,		20, 0,		0, 0,		0, 0,		0, 0,		0, 0
Q,	100, 0,		100, 0,		100, 0,		100, 0,		100, 0,		100, 0,		0, 0,		0, 0,		0, 0,		0, 0,		0, 0,		0, 0,		0, 0
J,	100, 0,		61, 0,		35, 0,		100, 0,		100, 0,		100, 0,		0, 0,		0, 0,		0, 0,		0, 0,		0, 0,		0, 0,		0, 0
T,	75, 0,		5, 0,		0, 0,		0, 0,		100, 0,		100, 0,		44, 0,		0, 0,		0, 0,		0, 0,		0, 0,		0, 0,		0, 0
9,	0, 0,		0, 0,		0, 0,		0, 0,		0, 0,		100, 0,		37, 0,		0, 0,		0, 0,		0, 0,		0, 0,		0, 0,		0, 0
8,	0, 0,		0, 0,		0, 0,		0, 0,		0, 0,		0, 0,		100, 0,		18, 0,		0, 0,		0, 0,		0, 0,		0, 0,		0, 0
7,	0, 0,		0, 0,		0, 0,		0, 0,		0, 0,		0, 0,		0, 0,		100, 0,		16, 0,		0, 0,		0, 0,		0, 0,		0, 0
6,	0, 0,		0, 0,		0, 0,		0, 0,		0, 0,		0, 0,		0, 0,		0, 0,		100, 0,		20, 0,		0, 0,		0, 0,		0, 0
5,	0, 0,		0, 0,		0, 0,		0, 0,		0, 0,		0, 0,		0, 0,		0, 0,		0, 0,		100, 0,		10, 0,		0, 0,		0, 0
4,	0, 0,		0, 0,		0, 0,		0, 0,		0, 0,		0, 0,		0, 0,		0, 0,		0, 0,		0, 0,		35, 0,		0, 0,		0, 0
3,	0, 0,		0, 0,		0, 0,		0, 0,		0, 0,		0, 0,		0, 0,		0, 0,		0, 0,		0, 0,		0, 0,		32, 0,		0, 0
2,	0, 0,		0, 0,		0, 0,		0, 0,		0, 0,		0, 0,		0, 0,		0, 0,		0, 0,		0, 0,		0, 0,		0, 0,		35, 0
