	A,			K,			Q,			J,			T,			9,			8,			7,			6,			5,			4,			3,			2
A,	100, 0,		100, 0,		100, 0,		100, 0,		100, 0,		100, 0,		100, 0,		100, 0,		100, 0,		100, 0,		100, 0,		100, 0,		100, 0
K,	100, 0,		100, 0,		100, 0,		100, 0,		100, 0,		100, 0,		100, 0,		100, 0,		100, 0,		39, 0,		0, 0,		0, 0,		0, 0
Q,	100, 0,		100, 0,		100, 0,		100, 0,		100, 0,		100, 0,		61, 0,		0, 0,		0, 0,		0, 0,		0, 0,		0, 0,		0, 0
J,	100, 0,		100, 0,		100, 0,		100, 0,		100, 0,		100, 0,		25, 0,		0, 0,		0, 0,		0, 0,		0, 0,		0, 0,		0, 0
T,	100, 0,		52, 0,		29, 0,		33, 0,		100, 0,		100, 0,		100, 0,		0, 0,		0, 0,		0, 0,		0, 0,		0, 0,		0, 0
9,	15, 0,		0, 0,		0, 0,		0, 0,		0, 0,		100, 0,		100, 0,		15, 0,		0, 0,		0, 0,		0, 0,		0, 0,		0, 0
8,	0, 0,		0, 0,		0, 0,		0, 0,		0, 0,		0, 0,		100, 0,		30, 0,		0, 0,		0, 0,		0, 0,		0, 0,		0, 0
7,	0, 0,		0, 0,		0, 0,		0, 0,		0, 0,		0, 0,		0, 0,		100, 0,		15, 0,		0, 0,		0, 0,		0, 0,		0, 0
6,	0, 0,		0, 0,		0, 0,		0, 0,		0, 0,		0, 0,		0, 0,		0, 0,		100, 0,		19, 0,		0, 0,		0, 0,		0, 0
5,	0, 0,		0, 0,		0, 0,		0, 0,		0, 0,		0, 0,		0, 0,		0, 0,		0, 0,		100, 0,		0, 0,		0, 0,		0, 0
4,	0, 0,		0, 0,		0, 0,		0, 0,		0, 0,		0, 0,		0, 0,		0, 0,		0, 0,		0, 0,		75, 0,		0, 0,		0, 0
3,	0, 0,		0, 0,		0, 0,		0, 0,		0, 0,		0, 0,		0, 0,		0, 0,		0, 0,		0, 0,		0, 0,		45, 0,		0, 0
2,	0, 0,		0, 0,		0, 0,		0, 0,		0, 0,		0, 0,		0, 0,		0, 0,		0, 0,		0, 0,		0, 0,		0, 0,		40, 0
