	A,			K,			Q,			J,			T,			9,			8,			7,			6,			5,			4,			3,			2
A,	100, 0,		100, 0,		100, 0,		100, 0,		100, 0,		100, 0,		100, 0,		100, 0,		100, 0,		100, 0,		100, 0,		100, 0,		100, 0
K,	100, 0,		100, 0,		100, 0,		100, 0,		100, 0,		100, 0,		100, 0,		100, 0,		100, 0,		100, 0,		100, 0,		100, 0,		0, 0
Q,	100, 0,		100, 0,		100, 0,		100, 0,		100, 0,		100, 0,		100, 0,		100, 0,		100, 0,		100, 0,		0, 0,		0, 0,		0, 0
J,	100, 0,		100, 0,		100, 0,		100, 0,		100, 0,		100, 0,		100, 0,		100, 0,		0, 0,		0, 0,		0, 0,		0, 0,		0, 0
T,	100, 0,		100, 0,		100, 0,		100, 0,		100, 0,		100, 0,		100, 0,		85, 0,		0, 0,		0, 0,		0, 0,		0, 0,		0, 0
9,	100, 0,		0, 0,		0, 0,		21, 0,		19, 0,		100, 0,		100, 0,		100, 0,		0, 0,		0, 0,		0, 0,		0, 0,		0, 0
8,	85, 0,		0, 0,		0, 0,		0, 0,		0, 0,		0, 0,		100, 0,		100, 0,		47, 0,		0, 0,		0, 0,		0, 0,		0, 0
7,	0, 0,		0, 0,		0, 0,		0, 0,		0, 0,		0, 0,		0, 0,		100, 0,		58, 0,		0, 0,		0, 0,		0, 0,		0, 0
6,	0, 0,		0, 0,		0, 0,		0, 0,		0, 0,		0, 0,		0, 0,		0, 0,		100, 0,		47, 0,		0, 0,		0, 0,		0, 0
5,	12, 0,		0, 0,		0, 0,		0, 0,		0, 0,		0, 0,		0, 0,		0, 0,		0, 0,		100, 0,		22, 0,		0, 0,		0, 0
4,	0, 0,		0, 0,		0, 0,		0, 0,		0, 0,		0, 0,		0, 0,		0, 0,		0, 0,		0, 0,		100, 0,		0, 0,		0, 0
3,	0, 0,		0, 0,		0, 0,		0, 0,		0, 0,		0, 0,		0, 0,		0, 0,		0, 0,		0, 0,		0, 0,		82, 0,		0, 0
2,	0, 0,		0, 0,		0, 0,		0, 0,		0, 0,		0, 0,		0, 0,		0, 0,		0, 0,		0, 0,		0, 0,		0, 0,		77, 0
